2686626
580959
596709
648331
677693
677694
677700
677703
677705
677706
677708
677710
677718
682658
682663
682665
682672
682673
682675
682677
682679
684472
685192
685193
685194
685196
685197
685198
685199
685201
685202
685207
685208
685209
685210
685819
709658
709660
715301
715306
730180
730186
738535
738536
738537
738538
738539
738743
738744
738747
738748
738749
738752
738753
738754
738756
738757
740787
740788
748187
748188
748189
748190
748191
748192
748193
748194
748195
748196
748197
748198
748199
748200
748201
748202
748203
752547
752570
752572
752576
752583
752584
752585
757164
757167
757169
775896
775900
775903
775905
1945964
1945965
1945966
1945968
1947886
1947890
1947892
1947893
1947894
1947895
1947896
1947897
1947898
1947899
1960349
1961179
1963154
1963930
1963932
1963934
1963935
1963936
1963938
1963939
1963941
1963942
1963943
1963944
1963945
1963946
1963947
1963984
1964199
1964203
1964220
1964291
1964363
1972958
1972960
1992227
1992229
2002777
2002778
2002785
2002791
2002901
2002904
2002909
2002920
2002922
2002935
2002946
2002955
2002960
2002982
2002986
2002988
2002991
2002995
2002996
2003006
2003011
2003012
2003014
2003020
2003088
2003089
2003091
2003095
2003096
2003231
2013115
2017704
2020690
2020692
2020694
2021465
2021469
2021478
2021482
2021485
2027762
2027764
2028384
2028386
2028674
2028675
2028680
2029435
2033364
2033367
2033370
2033372
2040939
2050321
2050323
2050346
2050494
2050535
2050713
2060498
2075458
2075459
2075461
2075463
2075471
2075473
2075474
2075478
2075480
2077811
2107966
2107976
2109267
2109268
2109269
2109270
2109273
2109274
2109275
2109284
2109285
2109286
2109287
2109289
2109291
2109292
2109294
2109295
2109296
2109297
2109298
2109299
2109302
2109304
2112088
2114684
2114685
2114691
2114695
2114698
2114700
2114705
2114706
2114708
2114710
2114713
2114715
2114719
2114722
2114728
2114730
2114734
2114737
2114740
2114743
2125435
2125564
2125571
2125574
2125575
2125578
2125580
2125582
2125584
2125587
2125590
2125591
2125593
2125594
2125596
2125605
2130704
2130705
2130708
2130709
2130710
2130711
2140001
2140675
2140677
2140678
2140679
2140680
2140681
2140682
2140683
2140685
2144140
2145599
2154314
2154316
2159111
2159113
2163201
2163202
2163204
2163220
2163222
2163264
2166391
2166392
2166396
2183306
2183307
2183308
2192037
2198161
2198162
2198243
2214942
2250334
2250335
2250336
2250338
2250339
2250341
2250343
2250344
2250345
2250346
2250348
2250349
2250350
2250352
2250353
2250354
2250356
2250357
2250359
2250360
2250361
2250362
2250363
2250365
2250366
2250757
2251906
2253863
2254839
2254840
2254841
2254842
2254843
2254844
2254847
2254848
2254850
2254851
2254852
2254853
2254854
2254856
2254857
2254858
2254859
2254861
2254933
2254934
2254935
2254936
2254938
2254939
2254940
2254941
2254942
2254943
2254944
2254945
2254946
2254947
2255084
2255085
2255086
2255087
2255088
2255090
2255091
2255092
2255093
2255166
2262460
2284035
2285050
2285051
2285053
2285054
2285055
2285058
2285060
2285062
2285063
2296902
2303559
2303619
2303620
2303622
2303628
2303639
2303640
2309684
2316967
2321118
2373917
2394703
2399149
2406264
2409877
2409879
2409881
2409882
2409883
2409887
2409889
2409891
2409893
2411021
2411022
2414193
2414344
2414345
2414350
2414354
2414355
2414357
2414365
2441401
2476997
2477059
2477060
2477698
2480688
2480691
2480693
2480696
2522527
2523672
2523673
2560033
2573229
2599597
2599608
2599613
2599619
2599620
2603517
2603520
2604479
2611601
2611602
2611604
2611605
2611606
2611609
2611610
2611611
2638495
2676705
2678504
2686400
2686602
2686603
2686626