2303507
2250333
856010
757170
801324
855996
2303638
1364803
590640
856008
2002893
2020689
1678892
2254860
1837369
2274710
1450066
1450067
2144153
1450068
1837373
1450069
1450070
1472063
1563625
1364812
1972945
809074
2255165
1924402
1686770
1413019
1678804
1927531
1450074
1413028
1472065
1713551
1541042
2013116
2125566
1450075
793653
2125567
682669
1940518
2114703
1562040
1450078
1972946
2250337
1413066
1278225
1450079
2163226
2002933
1878710
1713552
1368954
2253866
775901
1472068
1450084
2125568
1680459
2208671
677233
1716966
1106241
1450089
1931659
1106413
1402096
2206900
1075778
1364815
2125569
1698864
1450095
2002890
2020693
1837377
1405303
2075467
1413010
2125570
1984826
1947887
2409873
1450096
1450100
1757330
2163208
1472070
1678834
1680499
1947889
1106329
1680344
1450103
1450104
1678909
2250347
1450105
1106275
1802668
1837379
2033369
1755437
2611607
1450107
1617557
1472073
2303641
1677067
1450112
1947900
546312
1134152
1472074
2409874
2163270
1450114
918452
808392
677697
2163268
708486
2599610
591751
1472075
807860
1106406
1677071
1450118
1364855
1450119
580964
1288014
709645
2050460
1413020
1450120
775910
2329023
738544
1933421
2003015
2165957
2002948
1450121
1745319
1541006
1175227
1389749
1678913
1450123
1450124
1472077
1450125
2114693
2414370
792884
752559
752550
752578
752581
752579
1450127
1541045
1402098
1450128
1450129
2477062
1368952
2028679
1450131
792883
1972951
2125577
1940539
1450134
783860
793641
1450137
1472078
1106438
807849
934022
1450138
1450139
2254849
1566521
807850
1973148
934014
1450142
785903
2125579
1413054
1855921
1450144
1651947
2050671
1963940
1947891
1802702
1450146
738746
1368969
2075479
1134975
1934201
1933422
2075469
2530649
1450235
2466342
1680501
1680231
2125583
1450149
1450150
2250355
807852
2206901
1450152
1751616
1450154
2441402
1745318
2593400
1450156
934020
921573
2480699
1751627
2125585
1450161
738750
2303552
1678888
1940509
1367928
2075464
2125588
792882
1972953
1450167
2125589
647397
1934187
1449914
2590392
1680400
2477057
1751622
1472018
1680457
757163
1450169
2250358
1463629
1972959
1472112
1368951
1368970
1536022
2163211
1450170
775918
792881
1972961
1371976
1413060
2611612
2003238
648330
2636527
1934173
1733895
2029420
708100
2125592
834351
1450171
1680468
1450173
775929
1837391
1680470
1472105
1413018
1413012
1934180
1651997
664291
738751
1470561
1450174
934004
2021471
2075476
1450176
775883
1450178
1945969
1682689
1934197
1154631
2075466
1631466
1402099
1450182
1450183
1972943
1450186
1450187
1748173
1450190
738673
2003235
2144315
1945960
2599615
856009
1984825
2254846
1808497
648899
2050390
1972952
1811403
1774350
1402100
2253855
1972963
1371973
648686
807853
1450194
2002783
1631719
1823863
1677074
1450196
1413042
1945961
2250364
2414349
1152105
1450199
2152219
1940517
2002951
2409886
1652004
1984828
2125597
2125598
1837404
1450202
1371978
2003093
1652020
2125599
2050636
1933424
1420180
1747044
1680453
1677683
1413025
1450206
1823864
2077807
1364245
2028673
1106273
1450208
1757084
648329
1495831
1449916
1940481
1450209
1450210
1786445
934016
1379968
1450215
1450216
1944912
2129368
1450217
1757171
1450218
1680513
1924359
1713570
2271182
1450221
1713571
1413009
2301518
1972950
2125601
1680464
1413013
1950351
2021487
2125602
807863
591720
2303623
1371968
933934
2125604
1678884
1713611
2094904
1450227
2003023
1472108
1680521
1617600
1680466
1541035
1678895
2303642
2009071
1450230
2285065
1450231
2021490
1680508
